3000 HALLWAY 8.5 8.16
3001 DOOR 7.48 6.46
3002 ROOM 4.25 3.23
3003 HALLWAY 10.88 8.16
3004 DOOR 11.9 6.46
3005 ROOM 10.88 3.23
3006 DOOR 10.88 9.52
3007 ROOM 12.92 11.22
3008 HALLWAY 14.62 8.16
3009 DOOR 14.62 6.46
3010 ROOM 15.3 3.23
3011 HALLWAY 17 8.16
3012 DOOR 17 9.52
3013 ROOM 18.7 13.6
3014 HALLWAY 20.4 8.16
3015 DOOR 20.4 6.46
3016 ROOM 21.76 3.23
3017 HALLWAY 26.86 8.16
3018 DOOR 26.86 9.52
3019 ROOM 25.5 13.6
3020 DOOR 25.84 6.46
3021 ROOM 27.54 3.23
3022 HALLWAY 29.58 8.16
3023 HALLWAY 32.3 8.16
3024 DOOR 32.3 6.46
3025 ROOM 34.34 3.23
3026 HALLWAY 42.5 8.16
3027 HALLWAY 8.5 15.3
3028 DOOR 6.8 15.3
3029 ROOM 3.4 13.6
3030 DOOR 9.86 15.3
3031 ROOM 12.92 15.3
3032 HALLWAY 8.5 21.42
3033 DOOR 6.8 21.42
3034 ROOM 3.4 20.06
3035 DOOR 9.86 21.42
3036 ROOM 12.92 20.4
3037 HALLWAY 8.5 24.48
3038 HALLWAY 8.5 26.52
3039 DOOR 6.8 26.52
3040 ROOM 3.4 25.16
3041 DOOR 10.88 26.52
3042 ROOM 18.36 29.92
3043 HALLWAY 8.5 32.3
3044 DOOR 6.8 32.3
3045 ROOM 3.4 31.28
3046 HALLWAY 8.5 34
3047 DOOR 10.88 34
3048 HALLWAY 8.5 36.38
3049 DOOR 6.8 36.38
3050 ROOM 3.4 37.4
3051 HALLWAY 8.5 49.3
3052 DOOR 6.8 49.3
3053 ROOM 3.4 47.94
3054 HALLWAY 8.5 52.02
3055 DOOR 10.88 52.02
3056 ROOM 19.04 56.44
3057 HALLWAY 8.5 56.44
3058 DOOR 6.8 56.44
3059 ROOM 3.4 50.66
3060 HALLWAY 8.5 59.84
3061 DOOR 10.88 59.84
3062 HALLWAY 8.5 60.86
3063 DOOR 6.8 60.86
3064 ROOM 3.4 60.52
3065 HALLWAY 8.5 66.98
3066 DOOR 6.8 66.98
3067 ROOM 3.4 65.62
3068 HALLWAY 8.5 69.36
3069 DOOR 10.2 69.36
3070 ROOM 17.34 102
3071 HALLWAY 8.5 73.78
3072 DOOR 6.8 73.78
3073 ROOM 3.4 71.74
3074 HALLWAY 8.5 76.84
3075 DOOR 7.82 78.2
3076 ROOM 4.42 81.26
3077 HALLWAY 11.22 76.84
3078 DOOR 11.22 78.2
3079 ROOM 10.54 81.26
3080 HALLWAY 17.68 76.84
3081 DOOR 17.68 78.2
3082 ROOM 15.98 81.26
3083 HALLWAY 23.46 76.84
3084 DOOR 23.46 78.2
3085 ROOM 22.1 81.26
3086 HALLWAY 29.58 76.84
3087 DOOR 29.58 78.2
3088 ROOM 27.54 81.26
3089 HALLWAY 32.3 76.84
3090 DOOR 32.3 78.2
3091 ROOM 34.34 81.26
3092 HALLWAY 38.08 76.84
3093 HALLWAY 29.58 70.04
3094 DOOR 30.6 70.04
3095 ROOM 34 71.74
3096 HALLWAY 29.58 66.64
3097 DOOR 30.6 66.64
3098 ROOM 34 64.94
3099 HALLWAY 29.58 60.86
3100 DOOR 30.6 60.86
3101 ROOM 34 61.54
3102 HALLWAY 23.46 60.86
3103 DOOR 23.46 62.22
3104 ROOM 24.82 64.94
3105 HALLWAY 16.32 60.86
3106 DOOR 16.32 62.22
3107 ROOM 18.7 64.94
3108 HALLWAY 11.56 60.86
3109 DOOR 11.56 62.22
3110 ROOM 12.24 64.94
3111 HALLWAY 29.58 58.48
3112 DOOR 30.6 58.48
3113 ROOM 34 55.42
3114 DOOR 27.54 58.48
3115 HALLWAY 29.58 50.66
3116 DOOR 27.54 50.66
3117 HALLWAY 29.58 45.9
3118 DOOR 26.86 45.9
3119 ROOM 23.12 47.26
3120 HALLWAY 29.58 48.62
3121 DOOR 30.6 48.62
3122 ROOM 34 49.3
3123 HALLWAY 43.18 45.9
3124 DOOR 43.18 46.92
3125 ROOM 39.78 48.28
3126 HALLWAY 29.58 44.54
3127 DOOR 26.86 44.54
3128 ROOM 23.12 42.5
3129 HALLWAY 29.58 39.1
3130 DOOR 26.86 39.1
3131 ROOM 23.12 37.06
3132 HALLWAY 43.18 39.1
3133 HALLWAY 29.58 26.86
3134 DOOR 30.6 26.86
3135 ROOM 34 29.92
3136 HALLWAY 29.58 24.48
3137 HALLWAY 27.2 24.48
3138 DOOR 27.2 25.84
3139 DOOR 27.2 23.12
3140 ROOM 25.16 20.74
3141 HALLWAY 21.08 24.48
3142 DOOR 21.08 23.12
3143 ROOM 19.04 20.74
3144 HALLWAY 29.58 19.38
3145 DOOR 30.6 19.38
3146 ROOM 34 20.4
3147 HALLWAY 29.58 10.88
3148 DOOR 30.6 10.88
3149 ROOM 34 13.6
